# RA           DEC         
  6.553208     10.673528   
  193.496125   10.215167   
  58.457292    23.414083   
  187.052292   -15.758583  
  196.769667   -23.647583  
  17.898625    -38.093361  
  354.594708   27.046611   
  275.487542   68.463944   
  325.039125   -23.644472  
  93.941458    71.012889   
  93.950542    71.013806   
  78.937833    1.054       
  231.500167   51.636667   
  331.26825    -1.905361   
  194.010875   25.917639   
  110.223458   71.133444   
  146.351875   -8.623694   
  196.425583   18.044194   
  229.683833   6.26175     
  338.604792   -37.719528  
  197.482583   32.4035     
  339.044333   33.972083   
  144.966083   35.928417   
  197.769667   27.496972   
  113.1215     85.679417   
  16.917917    -17.491639  
  129.606292   25.727833   
  132.042042   74.125944   
  346.211542   12.337722   
  21.170292    3.775194    
  132.008417   74.069278   
  241.069625   43.102778   
  145.0885     71.161278   
  114.843333   70.414111   
  233.707917   55.603139   
  114.853125   70.357389   
  100.429833   82.241861   
  100.213333   82.291583   
  193.630833   -29.114389  
  194.349792   -30.394972  
  8.5665       -5.560806   
  345.599292   8.625139    
  24.977958    -67.816167  
  352.94625    19.647667   
  196.299375   -10.322722  
  248.016333   37.657389   
  346.210792   3.178778    
  204.98825    -31.669389  
  54.642708    0.34475     
  35.689625    -3.849694   
  36.023292    -3.850028   
  36.689333    -3.850056   
  37.02275     -3.850222   
  35.523458    -3.516833   
  35.857292    -3.515861   
  36.143042    -3.484806   
  36.522333    -3.516972   
  36.809208    -3.483      
  35.642375    -3.150694   
  35.97675     -3.151139   
  36.309958    -3.149306   
  36.643417    -3.149389   
  36.977625    -3.149889   
  35.809917    -2.815639   
  36.47925     -2.813639   
  36.812292    -2.813806   
  35.312167    -4.479361   
  35.522708    -4.1845     
  35.189917    -4.18375    
  35.356       -3.850667   
  35.144917    -3.480722   
  35.311792    -3.147222   
  316.144958   -12.318222  
  160.115792   9.210306    
  233.19025    32.685611   
  233.222167   30.321778   
  45.681667    0.10825     
  150.163208   25.267028   
  150.042125   -19.611556  
  202.336792   11.79825    
  0.671917     -29.985472  
  3.552625     -30.362583  
  10.875042    -20.640194  
  38.037625    -44.330611  
  46.787125    -28.693972  
  79.180375    -54.482361  
  82.214667    -39.439639  
  172.988875   -19.953417  
  354.444667   0.259778    
  69.275042    0.748833    
  83.224625    -36.998722  
  8.529125     -21.427583  
  301.943417   -11.122111  
  301.984917   -11.162806  
  55.330167    -44.86125   
  145.926917   16.767306   
  176.536375   47.454361   
  33.774917    -74.010444  
  335.214208   -24.696139  
  177.761208   55.052139   
  248.597833   57.136139   
  248.599083   57.135611   
  6.675458     17.147306   
  81.304792    -33.732083  
  81.25875     -33.69375   
  191.651042   2.340306    
  211.58875    22.368056   
  171.175958   38.7895     
  31.935083    2.122056    
  162.467917   33.010056   
  355.001333   -12.306361  
  204.553042   48.250611   
  44.157917    0.08325     
  66.510708    16.940361   
  180.19525    -3.436361   
  190.387208   32.811139   
  197.132125   53.733222   
  339.273958   -15.28575   
  49.584667    -3.005583   
  184.8425     5.854556    
  247.942333   82.5525     
  222.378167   8.972583    
  193.224958   -29.423556  
  193.220083   -29.423972  
  140.515875   74.964611   
  242.784708   54.20275    
  242.78675    54.205528   
  159.965917   20.874583   
  235.985542   54.013361   
  192.312667   -6.017667   
  235.982083   54.012028   
  202.964125   11.306056   
  247.589917   78.19225    
  328.029167   -27.547389  
  59.70625     10.45375    
  59.747667    10.4155     
  10.653667    -9.702639   
  80.733375    -36.430111  
  148.029167   -1.777944   
  174.803917   17.09425    
  349.5425     0.284694    
  349.589417   0.249917    
  18.175083    -45.548167  
  39.61525     -52.210694  
  250.558875   3.206972    
  241.792917   8.104778    
  12.16825     31.970639   
  224.599083   -31.695806  
  83.421125    -24.157694  
  83.422083    -24.157167  
  9.3145       85.212806   
  152.207667   53.673472   
  165.906042   35.892722   
  205.696583   40.443722   
  239.846875   63.869667   
  148.415208   1.608833    
  148.428375   1.551333    
  187.847917   25.804444   
  139.95975    -7.566      
  208.979958   38.602611   
  241.329875   32.846278   
  241.333542   32.846278   
  241.327917   32.846      
  21.026375    33.184139   
  194.057667   56.844889   
  348.996208   -59.066194  
  314.581375   -42.633583  
  183.436875   2.839528    
  342.930833   -17.857472  
  292.767792   -72.635917  
  231.727542   36.002      
  219.417708   -15.03325   
  169.567917   7.794694    
  193.385667   15.736361   
  113.823292   43.764222   
  170.783917   5.533278    
  354.152417   21.128861   
  254.941417   32.588056   
  75.201208    -38.6435    
  313.555042   -15.910528  
  354.498542   -56.423833  
  302.679417   -87.938389  
  208.193833   69.292972   
  32.189083    35.370722   
  32.187958    35.369389   
  204.165167   51.885167   
  9.300292     9.137889    
  41.992667    -3.508556   
  139.479042   51.699167   
  154.262958   39.07675    
  49.985417    -62.455611  
  53.17275     -63.478417  
  133.888875   58.76175    
  132.293542   44.869083   
  132.268083   44.885611   
  132.313792   44.850667   
  152.794292   55.775861   
  80.272167    -25.387333  
  143.946292   61.378861   
  154.058958   52.183972   
  72.606292    -70.813306  
  51.391542    30.751583   
  197.19825    21.481056   
  179.472667   55.425      
  79.975917    -45.8045    
  26.516292    -39.375472  
  10.854792    0.837833    
  223.170333   16.772722   
  233.131417   4.655056    
  50.9845      -37.30325   
  94.4435      -32.891     
  94.438167    -33.391111  
  93.848625    -33.390389  
  93.847708    -32.891667  
  194.652208   -83.231306  
  194.661917   -83.731917  
  190.260083   -83.234778  
  127.907417   52.78125    
  127.943625   52.728056   
  212.338042   26.331194   
  212.349      26.333694   
  28.366458    -49.613583  
  206.005292   -27.204167  
  322.429875   0.074778    
  241.228167   23.960111   
  58.425333    -10.400861  
  157.164708   -8.767972   
  357.818625   20.111944   
  353.440792   -15.301111  
  40.250083    -8.236222   
  155.007125   8.198917    
  200.136125   34.165333   
  349.012708   -42.570028  
  334.4155     0.234083    
  334.415667   0.232972    
  64.197708    1.110639    
  79.070875    79.693111   
  121.109958   65.022667   
  209.012042   18.401194   
  121.383917   24.857917   
  59.32075     1.203333    
  164.253458   -3.652139   
  175.14075    66.165528   
  204.326417   24.355639   
  184.606833   29.78425    
  210.263208   2.85175     
  39.095792    -52.327222  
  53.893917    -25.759056  
  33.753083    -73.984583  
  202.688333   24.2595     
  202.686333   24.259167   
  233.106083   -8.559583   
  233.085667   -8.507556   
  357.453583   36.416528   
  357.3875     36.434111   
  337.103042   -5.298722   
  10.900167    85.316778   
  10.894125    85.317      
  1.608792     20.194889   
  66.033167    14.77825    
  253.259042   2.377722    
  206.134208   55.872083   
  253.229708   2.426417    
  233.746042   23.478      
  233.736292   23.533056   
  260.832417   34.327917   
  172.786958   31.263306   
  157.737333   31.074917   
  217.286      1.258361    
  14.626542    -36.086278  
  243.524      65.696083   
  322.277292   -15.6275    
  221.232875   29.291333   
  0.819042     -26.037833  
  327.955083   -30.448167  
  126.724417   26.597389   
  148.296458   7.898333    
  244.115667   12.233306   
  244.255542   12.432972   
  244.400292   12.643306   
  213.4575     43.975417   
  131.914625   34.778083   
  334.277958   14.257389   
  95.76575     -64.577667  
  339.208208   -22.203917  
  329.256375   -11.67575   
  229.174333   0.220472    
  20.1195      -44.140417  
  51.333292    -6.121417   
  334.804708   12.147833   
  359.335875   -30.448028  
  16.26575     -58.442472  
  68.802042    -78.003917  
  165.260208   11.019278   
  68.879917    -78.006417  
  72.90125     -3.78825    
  171.027542   6.243861    
  65.597       -38.755389  
  70.073417    -43.582111  
  185.404792   28.075944   
  300.826792   -32.842056  
  167.670875   48.492056   
  185.081167   6.66125     
  202.968208   -31.827528  
  203.201833   -31.841722  
  67.891583    -61.539528  
  200.05225    33.171778   
  187.714167   14.029417   
  187.715542   14.364056   
  187.715208   14.697083   
  187.711417   15.362889   
  187.710833   15.696083   
  187.710708   16.030528   
  187.710792   16.363444   
  187.71175    17.862528   
  187.712042   15.029472   
  145.743375   47.019556   
  333.90775    -17.748417  
  333.907292   -17.74925   
  333.907333   -17.749028  
  333.907083   -17.749056  
  333.904625   -17.749028  
  220.537833   35.467111   
  170.025958   43.272139   
  54.415458    -25.353361  
  205.451458   26.377444   
  358.514333   -10.383611  
  155.90925    4.216667    
  224.319875   22.313778   
  185.773792   10.647472   
  125.138458   21.0965     
  201.046125   13.948028   
  158.651875   39.613028   
  181.1765     27.874361   
  198.072125   35.227083   
  200.920833   65.671861   
  208.657083   18.059833   
  214.26525    44.962361   
  221.709458   40.559389   
  162.933417   33.962333   
  169.277792   44.197444   
  217.408042   47.764917   
  211.305708   25.953806   
  20.946208    -35.050278  
  279.534583   -65.408139  
  150.546375   -19.397972  
  151.889542   -20.264361  
  196.981292   53.887417   
  198.324042   -33.015806  
  217.356625   -38.040639  
  299.251833   -57.626444  
  305.628375   -39.884306  
  324.518583   -43.719361  
  238.192958   18.969444   
  35.855208    -4.185472   
  36.855833    -4.851194   
  36.5215      -4.85175    
  35.808375    -4.817528   
  35.688333    -4.519806   
  28.203625    -13.978139  
  203.655      37.883861   
  203.655      37.883778   
  203.654792   37.883889   
  26.385917    -4.595      
  26.338958    -4.561083   
  26.339083    -4.560833   
  21.412667    1.746694    
  21.412667    1.746833    
  21.406542    1.743306    
  54.672833    9.947167    
  239.057792   81.4995     
  210.385917   -11.101111  
  214.496625   25.164      
  136.50925    62.077833   
  171.498917   42.912111   
  164.96025    86.145917   
  244.880083   59.984333   
  75.285958    -24.444833  
  201.325875   -38.387333  
  13.373792    12.711972   
  25.006625    6.306167    
  218.891583   48.768639   
  197.734792   37.088083   
  218.871375   48.770139   
  204.62125    28.123833   
  157.96725    -14.254083  
  20.489208    -28.36625   
  197.447333   8.3025      
  340.1015     3.373667    
  48.26475     -55.039472  
  48.5405      -55.164083  
  48.5405      -55.250278  
  48.539917    -55.335889  
  48.691167    -55.07725   
  48.691125    -55.163278  
  48.693625    -55.249194  
  191.292917   -0.488333   
  59.825292    -67.629861  
  199.8445     -14.871139  
  39.681792    16.598861   
  186.833583   1.461667    
  4.662208     16.421667   
  4.66225      16.421667   
  193.115583   -29.274139  
  254.439083   35.366583   
  254.434542   35.363194   
  117.775917   18.153528   
  36.975292    -5.150528   
  36.642333    -5.150944   
  36.309667    -5.152306   
  35.975542    -5.152639   
  35.641792    -5.150917   
  36.6465      -5.146167   
  203.575625   50.488222   
  76.310667    -28.797028  
  310.063583   -0.8885     
  93.8205      71.051833   
  93.820375    71.051667   
  318.868625   -58.67175   
  318.868875   -58.67175   
  318.869292   -58.671056  
  318.870667   -58.6705    
  318.86925    -58.670972  
  227.466042   57.033639   
  217.591333   42.105      
  328.377792   17.708861   
  227.744708   5.718944    
  14.68725     -27.582056  
  14.683875    -27.985389  
  13.802125    -28.384583  
  14.222625    -28.384556  
  205.356625   0.371944    
  206.157083   -0.0285     
  205.356458   -0.427556   
  205.756375   -0.42775    
  206.156792   -0.427222   
  14.222542    -27.585222  
  13.801542    -27.982833  
  205.744833   0.427861    
  206.143458   -0.37125    
  206.144375   0.428333    
  147.69575    39.477167   
  149.207417   41.283611   
  169.626917   40.403361   
  169.781958   21.34925    
  216.907417   26.510417   
  228.698625   36.823      
  184.832458   6.672583    
  48.575417    -22.616111  
  219.754292   64.31925    
  203.990042   -34.320528  
  203.99       -34.320083  
  338.918542   -26.030778  
  87.648125    -32.250167  
  185.35325    30.151694   
  217.1375     42.643472   
  239.411417   27.3905     
  237.308333   27.036417   
  342.443458   -27.129417  
  62.305833    -71.268361  
  32.517792    -63.325806  
  174.617792   3.341278    
  2.880458     -11.491944  
  297.320292   77.713528   
  129.572333   48.659194   
  345.842417   8.865417    
  345.842458   8.8655      
  46.305417    17.492333   
  182.818667   39.165306   
  233.76875    1.321528    
  314.112833   -4.64875    
  174.750458   -37.711472  
  174.747667   -37.710167  
  216.514708   37.858556   
  178.827      23.436278   
  243.952625   -5.877528   
  243.652958   -6.177111   
  243.953125   -6.476389   
  63.165542    10.241361   
  208.57775    -2.390361   
  206.90525    58.184639   
  213.948917   11.467028   
  213.949917   11.467389   
  44.984417    13.763806   
  170.584333   24.3215     
  181.033333   20.2485     
  193.270042   -9.172111   
  181.045542   20.1935     
  181.049333   20.193944   
  187.647417   41.616083   
  28.229375    -13.722028  
  270.088833   66.600306   
  7.590417     4.877611    
  69.327       -47.223917  
  156.161292   -7.293528   
  321.158542   -33.95975   
  55.910458    24.742056   
  254.319917   79.004528   
  143.509083   55.209806   
  143.512667   55.209667   
  40.897917    37.322194   
  183.063167   13.234111   
  190.713042   13.286028   
  192.088583   8.515083    
  182.377167   43.713139   
  178.222333   36.957333   
  27.213667    5.922139    
  205.528542   35.626139   
  154.412708   21.660444   
  311.6055     -2.830528   
  21.859167    19.191889   
  239.793833   35.057389   
  183.582083   14.028556   
  130.364375   70.866694   
  166.642833   -18.38475   
  23.222417    -40.103278  
  187.805083   20.771167   
  187.805917   21.27175    
  187.805458   21.772528   
  16.124792    -6.4155     
  15.976333    -6.684611   
  36.855917    -4.185167   
  36.475833    -4.151583   
  36.189833    -4.183778   
  37.021417    -4.519056   
  35.9775      -4.483361   
  35.52075     -4.852694   
  36.355333    -4.518667   
  36.643417    -4.483583   
  172.115875   58.534389   
  159.690542   53.474472   
  148.742583   17.697778   
  172.532333   -14.85225   
  37.213958    -10.158361  
  172.979667   -34.577639  
  165.464875   -34.733694  
  352.931208   19.952278   
  74.878583    1.80725     
  48.966583    -55.350778  
  48.816875    -55.179083  
  48.81525     -55.264861  
  257.123958   78.730806   
  206.887042   -11.778472  
  249.010958   66.194444   
  104.55475    -55.932806  
  249.010833   66.194667   
  249.012917   66.19675    
  20.137875    -10.935139  
  46.326375    -78.044722  
  253.457792   39.734194   
  253.514458   14.275139   
  84.991917    -28.690361  
  89.945833    -50.447444  
  89.98925     -50.45575   
  89.9885      -50.456833  
  89.988417    -50.456917  
  89.981792    -50.4655    
  89.981792    -50.465472  
  89.979375    -50.466778  
  47.960083    -76.891361  
  116.065833   74.537944   
  84.732667    -64.113     
  348.459      -42.716167  
  12.460917    -52.124889  
  187.868542   64.211611   
  89.925125    -50.472611  
  161.142708   -1.44475    
  12.556292    -52.151889  
  12.467792    -52.129028  
  194.249167   21.999528   
  359.193167   -24.409417  
  194.273208   22.008111   
  194.245792   22.057556   
  8.451583     -12.109194  
  187.37975    1.965917    
  187.267875   2.001833    
  187.18825    2.095833    
  270.08825    81.12375    
  161.211167   21.493278   
  161.212125   21.49325    
  161.2        21.549556   
  48.988792    -55.250806  
  48.988292    -55.078889  
  89.944875    -50.417972  
  330.813875   18.861111   
  12.538042    -52.158139  
  12.567375    -52.171167  
  254.457167   35.370333   
  58.448125    -0.101111   
  197.595      30.352611   
  199.582167   32.653417   
  195.997458   67.4875     
  237.445875   21.459111   
  21.483167    -1.398833   
  190.66525    -11.350083  
  89.91975     -50.456111  
  89.944708    -50.428083  
  121.9375     38.977528   
  50.786083    -49.494944  
  73.701167    -18.164722  
  148.306625   -15.952361  
  151.870333   12.78875    
  54.223625    -36.004389  
  162.096125   -25.191028  
  102.524417   60.873472   
  211.738625   28.479917   
  194.758667   34.832639   
  194.76825    34.834056   
  194.761125   34.889472   
  148.727167   -20.412639  
  65.054792    -50.382194  
  65.054667    -50.382444  
  65.053375    -50.38275   
  64.967708    -50.369528  
  87.657708    -32.245     
  46.692167    9.72E-4     
  202.39575    58.446528   
  202.364042   58.4045     
  203.200667   50.569472   
  158.481708   58.809722   
  248.699083   70.537111   
  192.526208   26.490861   
  138.263708   52.962833   
  138.277667   52.966139   
  184.19275    -12.048861  
  331.211333   -64.747444  
  109.775208   65.986944   
  232.991917   24.311333   
  208.491      33.801167   
  168.840375   53.106722   
  129.049292   55.675222   
  103.133458   74.408417   
  223.6195     18.667417   
  228.931083   56.344694   
  220.9055     77.104444   
  254.455375   35.375944   
  254.454917   35.375722   
  238.356292   55.295944   
  118.153208   36.497944   
  238.339708   55.288306   
  213.691625   -0.372472   
  16.594708    -80.316917  
  170.840875   1.601556    
  187.733917   10.975917   
  241.4375     25.891194   
  162.603417   -12.818139  
  42.415       -31.207028  
  155.435792   13.090278   
  163.088625   44.121833   
  163.1        44.121639   
  35.479167    -2.81675    
  35.146292    -2.816694   
  35.3165      -5.149917   
  240.378833   66.779167   
  240.359375   66.787556   
  240.424042   66.773778   
  240.486167   66.815083   
  241.287125   17.722694   
  210.268208   2.850972    
  188.732167   37.656944   
  253.229125   2.423139    
  253.255917   2.375611    
  161.93725    74.301417   
  207.72425    64.511583   
  215.993333   38.510667   
  204.903333   27.47825    
  353.029      19.738972   
  356.878917   0.883444    
  184.712833   14.38875    
  160.194167   39.925694   
  204.410042   -12.929389  
  130.188625   13.233278   
  138.448708   40.913583   
  150.504625   55.728167   
  337.161792   20.600583   
  18.432417    -14.835306  
  146.434167   -14.352889  
  66.495875    -57.171639  
  66.507625    -57.229167  
  66.450417    -57.203889  
  66.48475     -57.172639  
  22.40675     -16.026306  
  149.076875   -10.075639  
  330.768458   18.897833   
  214.112208   23.288      
  354.154292   21.134028   
  25.323458    -67.900583  
  222.37225    8.97175     
  222.372625   8.971722    
  157.618583   5.386528    
  102.1335     -64.2455    
  213.811208   36.174444   
  73.602125    -53.372278  
  134.359625   9.036       
  190.041042   47.694194   
  216.163667   42.147806   
  123.612292   51.784722   
  181.279333   35.341639   
  132.680833   11.171278   
  216.156792   42.202972   
  8.919125     -43.313389  
  8.42375      -43.65325   
  8.921333     -43.655694  
  8.921375     -43.655722  
  8.422083     -43.304917  
  8.421917     -43.304889  
  8.920708     -43.65625   
  357.8865     -26.067417  
  140.166292   37.160028   
  356.181042   12.37625    
  139.710875   21.260611   
  339.949583   -5.856194   
  85.016833    -40.890972  
  81.297625    -33.740472  
  81.298208    -33.740306  
  81.29825     -33.740806  
  81.298208    -33.740639  
  81.298292    -33.740361  
  81.244458    -33.707444  
  222.3755     -10.197639  
  29.439125    37.785417   
  190.329792   18.547528   
  182.403417   42.56275    
  341.198875   -72.719722  
  164.831083   24.51625    
  223.49725    3.517528    
  38.638042    -8.766056   
  323.08875    10.150028   
  68.5215      -8.596611   
  214.324708   26.884      
  2.801542     -12.122861  
  110.530708   71.322333   
  320.831417   -5.816528   
  151.091708   5.190111    
  318.69625    6.145833    
  140.348542   30.192472   
  140.039833   30.470333   
  139.073333   30.390028   
  162.113833   -4.158694   
  202.356417   58.404      
  229.486917   31.434611   
  121.585542   15.48575    
  42.25075     18.028528   
  159.094792   -3.693778   
  200.022417   69.963222   
  58.686125    -20.522389  
  20.945042    -35.052611  
  146.537875   9.837972    
  146.523542   9.893389    
  175.3025     -1.746667   
  117.825333   50.236861   
  160.328125   6.143444    
  182.0235     25.207833   
  43.191333    -1.259556   
  212.241333   -7.903389   
  212.242875   -7.903472   
  355.144917   -11.722056  
  5.381        -48.658278  
  122.726083   28.17       
  222.7735     27.183833   
  329.352875   -69.699444  
  356.870125   -2.315917   
  204.572875   4.51425     
  10.287375    25.497556   
  29.114       5.601528    
  73.105583    -29.86975   
  19.699833    -0.985917   
  166.076417   77.011      
  340.446417   -44.067     
  236.360583   48.796333   
  339.008208   13.748972   
  157.165542   -8.772528   
  328.129792   2.372528    
  181.475708   44.458222   
  197.194917   21.479944   
  241.326833   32.845639   
  241.309458   32.841167   
  90.034458    -66.535194  
  90.046333    -66.538694  
  197.197042   21.480306   
  245.463333   -2.298556   
  229.265708   -16.164639  
  212.079542   -3.797389   
  198.086458   17.488806   
  189.590208   17.815833   
  318.744417   -43.372194  
  332.789375   -17.073861  
  324.083958   -54.537361  
  139.827792   69.232194   
  3.343625     -19.484611  
  301.958333   -44.560278  
  55.318583    -1.31525    
  331.734792   10.250611   
  19.058167    33.071472   
  52.694208    -3.153      
  305.0375     -52.635972  
  26.014083    2.333       
  203.659292   -23.418194  
  210.173625   -1.950417   
  23.407625    35.650972   
  27.534875    -7.4475     
  37.100333    -40.95525   
  161.565542   52.961667   
  37.7615      -1.026889   
  100.386958   -50.993944  
  186.60225    31.249472   
  164.126417   6.986639    
  164.115542   7.04225     
  164.1155     7.042583    
  164.119708   6.982056    
  164.119583   6.982139    
  164.119125   6.982083    
  135.113958   39.037472   
  5.385333     -8.672278   
  351.9625     8.795861    
  72.138625    -6.295583   
  141.641458   30.945833   
  201.545042   7.761778    
  20.382792    3.768694    
  37.931958    -7.496361   
  32.702125    -0.324944   
  252.221792   60.312528   
  100.80325    -74.252889  
  354.472667   -47.509139  
  322.9785     -42.861417  
  9.451542     -33.728528  
  9.388583     -33.708111  
  63.439625    11.184944   
  137.481625   54.459833   
  233.1895     32.685972   
  33.616625    -0.751333   
  156.1465     47.18125    
  21.408833    32.121611   
  61.271375    -37.214083  
  176.427167   -18.481833  
  323.036792   -33.732972  
  141.256875   52.308472   
  47.523167    17.081361   
  47.523083    17.081389   
  159.951833   -5.144611   
  78.027375    -32.677194  
  146.138542   3.940083    
  159.949083   -5.144917   
  160.181792   -11.958722  
  163.598792   -11.743028  
  145.922208   48.108917   
  145.908625   48.106972   
  73.521542    2.945556    
  185.638667   29.866222   
  197.334167   -1.651417   
  153.441833   -0.14975    
  8.924542     -27.447333  
  201.761667   1.363944    
  199.811125   -0.891722   
  202.650208   1.372861    
  214.230833   10.779611   
  45.789917    16.456583   
  40.252833    8.754972    
  0.937417     2.078667    
  5.150417     -25.69625   
  12.380833    -29.534472  
  32.890333    -40.297389  
  36.264583    -29.461111  
  56.456833    -41.233444  
  86.931792    -31.896222  
  91.468083    -35.272     
  94.225792    -47.833389  
  101.369417   -54.24775   
  125.453417   1.236806    
  161.134625   -7.044111   
  175.354417   -12.301139  
  189.187542   -33.931361  
  195.715833   -2.535056   
  207.679833   -33.693333  
  229.149333   -0.976      
  305.733583   -20.929444  
  312.021125   -17.824944  
  322.503042   -50.814     
  327.306708   -30.717417  
  328.084708   -19.721083  
  329.333583   -7.776944   
  334.400542   -35.711167  
  334.701583   -38.908778  
  338.661      -37.748722  
  349.834708   -73.218972  
  101.330917   -54.235667  
  149.59475    -11.087639  
  125.458042   1.239444    
  189.177708   -33.875694  
  1.478833     -34.716889  
  150.326083   68.667056   
  153.593917   -4.338611   
  172.315292   -4.373444   
  258.804583   62.642139   
  261.193667   66.6385     
  264.209917   66.017222   
  261.167333   66.625472   
  33.945167    -73.813444  
  34.062208    -73.948528  
  33.641625    -73.950222  
  181.341417   -7.680972   
  5.388        -2.074528   
  350.555625   19.724167   
  190.551083   33.256889   
  190.551708   33.256778   
  3.9035       17.312083   
  2.365292     -32.266917  
  61.97625     -12.207722  
  61.975167    -12.208556  
  347.05675    -15.395639  
  205.863958   0.053528    
  17.934583    39.090278   
  108.423833   43.795583   
  158.786958   56.507806   
  155.588042   21.553306   
  190.673917   14.274139   
  29.320833    28.844528   
  160.112417   9.210583    
  233.961542   -14.192889  
  207.227208   7.988611    
  130.188375   0.790361    
  310.546792   -35.234278  
  155.956      0.617278    
  201.040583   3.374639    
  312.595375   -5.626694   
  315.356042   10.896639   
  143.219292   47.395361   
  221.744958   2.919972    
  182.761875   50.457056   
  188.184917   0.141611    
  13.9335      26.423611   
  228.97       -20.128472  
  358.6515     -15.234361  
  145.447583   38.884056   
  192.313208   -6.016611   
  121.408375   24.137639   
  179.950208   55.506306   
  20.036167    14.34525    
  26.151417    17.083694   
  165.982125   40.821694   
  229.549833   42.721306   
  357.836958   20.602972   
  194.446167   -29.793806  
  195.575833   -15.739472  
  54.672333    15.567417   
  134.613667   13.926389   
  330.661417   -19.0165    
  5.558542     -15.110056  
  58.468875    -10.438917  
  169.576167   7.738833    
  169.57675    7.738722    
  17.775958    33.139306   
  30.036667    31.447139   
  264.175458   68.055444   
  43.944625    9.329222    
  9.830375     0.848028    
  247.449917   40.796806   
  30.240542    -9.425361   
  30.195208    -9.390694   
  67.11625     -17.053806  
  68.918958    -14.61025   
  29.36975     32.199333   
  69.973458    -45.690889  
  350.963083   16.783194   
  222.937625   -15.178333  
  51.20875     -29.325889  
  222.954083   -15.233083  
  328.779125   -9.391444   
  250.392917   38.949944   
  28.3425      26.178083   
  188.765333   39.399167   
  37.820542    -54.056     
  17.521875    -45.93425   
  184.295792   7.162417    
  204.409083   39.182583   
  179.132667   55.097806   
  3.274333     -27.20725   
  78.708792    -49.076222  
  149.993083   5.360222    
  150.008208   5.304917    
  185.027375   29.252139   
  188.5155     7.670611    
  110.304042   55.699778   
  110.4725     55.792694   
  7.338958     34.928111   
  188.561875   47.869194   
  75.817583    2.070528    
  206.880833   26.722278   
  207.379583   26.901861   
  295.862833   -58.632139  
  72.471708    -69.384583  
  271.521833   70.486806   
  271.525042   70.469028   
  46.067583    -77.88425   
  69.310917    0.703583    
  79.2325      -54.509861  
  347.072667   -2.175917   
  165.930625   35.912556   
  168.986542   42.644611   
  31.73225     29.529778   
  208.3155     63.733278   
  203.095208   -33.118778  
  17.015875    -47.1025    
  233.736417   23.531778   
  73.529708    -2.990583   
  14.685792    -36.113778  
  121.92025    -76.507     
  197.10725    29.413444   
  156.614708   38.722861   
  358.805417   5.93175     
  145.092708   14.950056   
  174.452333   22.020583   
  174.460708   21.964528   
  121.583375   15.484056   
  159.502917   41.74775    
  201.253833   65.824472   
  202.447833   -17.938278  
  133.13025    16.3295     
  153.410875   49.523583   
  84.851083    -28.647472  
  79.997458    -45.774944  
  149.155542   -0.322028   
  244.482667   6.046417    
  337.127292   -24.825111  
  49.441917    31.108111   
  200.596875   -16.700944  
  9.479708     -27.51975   
  188.715833   -3.569583   
  173.122375   -3.972056   
  151.147417   41.1825     
  221.050333   6.563583    
  172.101625   79.021194   
  183.578875   14.02525    
  134.549958   27.8205     
  54.386792    -34.964361  
  36.032625    -4.202417   
  205.005542   -0.431694   
  205.017292   -0.487194   
  355.890917   0.343722    
  35.780792    6.264556    
  217.583708   42.050389   
  217.28775    42.742      
  309.644833   -1.413806   
  50.271417    18.887028   
  66.486458    -8.5755     
  356.208333   9.210389    
  139.600667   16.333833   
  228.009625   -21.343778  
  281.27375    -62.381722  
  196.608708   -40.386278  
  281.175792   -62.346944  
  228.292042   0.353694    
  133.713      20.080667   
  133.695208   20.136194   
  40.060125    -23.171861  
  208.533958   -12.488472  
  293.11075    -55.923333  
  129.456042   38.531833   
  11.422833    4.189306    
  217.760833   28.315      
  140.697083   51.372556   
  267.179917   68.676472   
  72.122208    -20.571194  
  311.40525    -67.548056  
  204.243542   -9.328278   
  204.737042   -9.742528   
  204.789833   -9.784694   
  202.943375   29.304972   
  45.150958    -11.433333  
  342.37875    -19.260028  
  21.141375    33.784583   
  352.242625   3.549556    
  304.608042   -44.822222  
  198.468833   -16.356917  
  63.106125    -28.525917  
  129.952208   51.172667   
  197.383583   57.531389   
  70.318       -27.121944  
  188.02275    20.130194   
  57.902125    -40.443111  
  13.692458    25.444194   
  257.810125   59.034222   
  45.401125    35.22525    
  53.396       -5.067      
  157.330625   29.519528   
  186.319542   4.952889    
  356.0635     9.950306    
  346.207458   12.337222   
  183.084625   29.150861   
  178.99475    6.722639    
  162.549833   -14.10525   
  181.667625   28.145      
  197.866708   31.893917   
  176.553708   20.363      
  86.318208    -25.864389  
  241.311667   32.847444   
  198.2        -23.387667  
  190.23625    -1.961083   
  248.317083   57.025722   
  14.42375     -27.487528  
  248.338042   57.044889   
  207.189375   -3.918611   
  335.055917   -28.070306  
  112.08575    67.787972   
  180.739833   -20.96325   
  333.63225    -17.04175   
  225.303583   1.674417    
  208.303042   69.332194   
  208.303375   69.332722   
  208.300833   69.332361   
  331.44025    -50.104722  
  150.677833   -8.174139   
  149.490542   65.602722   
  326.495792   4.403611    
  80.528292    -36.404861  
  7.611917     26.321      
  191.01       16.867722   
  150.761542   32.936167   
  134.028917   37.975417   
  181.557333   -8.834472   
  197.869875   -5.829444   
  352.184667   14.903889   
  94.262667    -47.795139  
  36.318667    -29.492889  
  189.18475    -33.874194  
  352.222875   5.232194    
  29.296917    -0.868833   
  159.9655     64.529667   
  359.601833   -0.171139   
  14.067208    0.559694    
  359.554333   -0.140417   
  229.990375   -25.03475   
  158.418      57.715528   
  158.44475    57.715194   
  24.26        -35.173694  
  139.693083   21.3155     
  162.449958   58.657694   
  214.688      68.041639   
  249.261417   18.550611   
  249.262875   18.550361   
  186.433958   0.544972    
  26.828083    -38.890833  
  134.7085     17.110361   
  95.233167    -39.271278  
  211.305292   9.302056    
  170.049083   -0.303583   
  48.881292    -3.454056   
  175.060542   -0.439889   
  136.137333   14.622889   
  10.876208    0.001944    
  215.003458   6.577444    
  157.823      50.865722   
  157.825125   50.865528   
  157.829167   50.865833   
  80.52825     -48.281639  
  163.835875   -5.0085     
  138.986917   29.496722   
  227.550208   33.53675    
  115.468833   74.217333   
  355.932042   -15.269222  
  167.69725    44.084917   
  157.080583   24.051056   
  125.749125   40.669861   
  191.684833   56.848667   
  206.144042   33.956778   
  191.938292   34.113028   
  166.871125   52.352861   
  143.053292   28.653028   
  169.462083   41.365833   
  213.729667   28.320667   
  251.899125   27.072389   
  17.716458    33.168556   
  30.037292    31.446639   
  267.946833   23.100222   
  267.928583   23.088833   
  51.599375    -21.348722  
  344.540833   -2.378528   
  221.89225    -0.309611   
  195.266      59.014444   
  83.122083    -11.558861  
  25.221083    -54.554861  
  14.427292    30.369972   
  211.179375   43.477778   
  193.322333   31.126028   
  211.151167   43.4795     
  193.312292   31.125333   
  202.55325    33.800306   
  353.539583   39.348361   
  102.972625   74.445861   
  218.8195     19.186444   
  218.809542   19.242833   
  158.464625   0.7625      
  172.583625   1.000889    
  205.279667   -0.846056   
  1.196333     0.10525     
  156.893958   -3.33025    
  10.175583    -27.435056  
  37.403292    -29.64525   
  172.723083   -3.819167   
  174.025125   -3.694861   
  197.204375   21.423056   
  197.205375   21.42375    
  197.209417   21.424556   
  197.193292   21.479528   
  16.775333    14.1615     
  175.030792   3.148139    
  209.286042   65.410278   
  218.721125   3.618389    
  209.352292   65.389722   
  38.758667    3.74875     
  53.15725     -8.910222   
  65.311083    -48.638417  
  157.141042   0.019167    
  183.952708   52.543944   
  119.514917   39.315917   
  145.142958   3.604139    
  158.51575    60.004361   
  308.298292   -2.044389   
  224.862083   -16.72075   
  185.424708   14.626972   
  179.637583   43.975694   
  179.635625   43.975139   
  40.294042    -8.271      
  327.965458   14.128306   
  342.870667   18.829278   
  152.940708   46.443972   
  121.764542   -76.518528  
  187.72       11.030361   
  187.720125   11.03025    
  191.89775    67.416944   
  162.001542   74.353556   
  48.264417    -2.703639   
  73.338208    4.082333    
  45.974708    -1.124667   
  218.681417   -32.814389  
  69.113625    -10.394333  
  77.817292    -34.408917  
  115.678458   65.148806   
  233.915792   73.424139   
  73.207042    -3.23575    
  338.807792   -25.968111  
  50.438708    16.849611   
  178.471125   52.325417   
  238.998333   78.55675    
  147.2175     -13.169472  
  15.002167    31.813056   
  23.459       -36.480639  
  43.823125    -0.201111   
  55.54075     -21.26075   
  79.93175     -32.666417  
  137.73475    45.477528   
  140.936208   22.880417   
  162.387875   22.937389   
  176.163708   79.674917   
  189.7255     -27.279694  
  196.006208   53.763056   
  197.277125   11.605722   
  211.3185     25.954583   
  211.31725    25.955972   
  353.333833   15.390306   
  67.894208    -5.068111   
  67.938708    -5.1035     
  220.062125   2.768417    
  167.292083   61.425306   
  19.748083    0.645889    
  158.149708   65.012194   
  195.887125   -24.30575   
  137.0535     39.733667   
  136.383833   34.103611   
  248.113708   78.225167   
  248.110917   78.224056   
  226.023333   -2.778222   
  133.693792   20.135639   
  32.639875    -39.495972  
  140.067625   30.469611   
  185.502583   75.332833   
  185.50275    75.332806   
  185.503667   75.332806   
  202.666292   25.1255     
  316.97025    6.356667    
  234.247458   53.512333   
  224.839833   49.501056   
  122.778625   50.097167   
  208.216125   -28.460833  
  229.17125    7.046389    
  229.171625   7.045694    
  229.17175    7.046361    
  229.171958   7.046528    
  229.171      7.046361    
  229.171333   7.046417    
  229.171875   7.046361    
  229.170917   7.04625     
  252.798458   4.968222    
  252.799208   4.968861    
  252.799208   4.969111    
  14.688667    -36.109     
  216.77575    60.450694   
  18.094292    2.479917    
  200.282458   -11.630917  
  39.555125    -27.734306  
  51.378875    -6.161333   
  356.208792   9.211       
  189.27475    63.210861   
  225.327208   42.315444   
  197.878667   22.029639   
  135.165917   20.888028   
  41.739125    -1.009889   
  53.644875    0.08525     
  141.648875   36.427611   
  323.344875   -42.924944  
  323.639458   -42.517611  
  7.609875     26.317167   
  7.655833     26.307306   
  154.534083   0.071917    
  192.619875   0.2015      
  239.725833   2.837222    
  122.677542   48.181306   
  136.613042   0.938611    
  226.970833   1.165472    
  154.521417   0.128861    
  186.621667   31.195611   
  197.201167   21.422889   
  197.202833   21.422667   
  197.205625   21.423861   
  197.196417   21.48       
  197.207208   21.423694   
  51.9575      2.582       
  198.052583   23.361083   
  198.052333   23.36175    
  198.049958   23.360806   
  64.379292    -62.809861  
  91.932958    -61.804028  
  188.927333   26.49525    
  7.3435       -0.197861   
  226.558375   3.115611    
  24.960208    -9.227528   
  130.419792   54.891306   
  262.908583   37.062972   
  262.906583   37.062667   
  246.791625   49.901472   
  114.314917   30.583222   
  4.393042     -0.954306   
  126.130542   38.031583   
  2.762583     0.8615      
  4.34425      -0.923667   
  44.40125     6.042944    
  117.13175    55.841194   
  222.372083   63.246639   
  188.476333   15.463417   
  327.62725    -5.732806   
  327.822625   -5.536639   
  178.371708   59.692639   
  208.737625   5.361111    
  149.076083   27.2555     
  352.759083   -36.497528  
  352.825417   -36.517111  
  270.865125   67.608      
  294.678417   -46.234611  
  242.002625   11.224361   
  348.468958   -49.643778  
  157.549292   -3.191944   
  56.403542    -41.203833  
  101.384417   -54.246139  
  149.591375   -11.088722  
  329.380667   -7.811556   
  338.596792   -37.722028  
  349.831458   -73.221278  
  125.455333   1.239       
  36.64175     -3.818917   
  35.475208    -5.485111   
  36.141708    -4.818889   
  35.475833    -4.152417   
  37.14225     -5.485556   
  36.808333    -5.485778   
  36.142042    -5.486139   
  35.809167    -5.485278   
  36.308917    -5.818611   
  35.975625    -5.818361   
  35.642542    -5.81775    
  35.309167    -5.817583   
  34.642375    -5.816861   
  34.81075     -6.148778   
  34.141625    -6.152111   
  33.642083    -4.484833   
  34.523792    -4.181694   
  34.19075     -4.182306   
  33.857542    -4.182833   
  35.023875    -3.850083   
  34.690458    -3.849806   
  34.357375    -3.849528   
  34.024208    -3.849194   
  33.690708    -3.849417   
  34.523208    -3.515583   
  34.189583    -3.517083   
  33.856167    -3.516528   
  33.523167    -3.516194   
  36.47675     -5.482917   
  17.228333    -46.478944  
  219.539625   34.209861   
  51.181042    -3.024194   
  161.220958   6.568778    
  150.45925    28.757194   
  58.974125    -42.383806  
  281.904125   -63.131222  
  280.264125   -77.170722  
  281.884      -63.353028  
  202.43775    58.444083   
  202.432708   58.443861   
  202.430875   58.445667   
  62.776375    -31.428389  
  193.663917   -12.583583  
  351.843167   -2.065889   
  76.177708    -19.632528  
  206.710458   7.817111    
  205.880542   -38.147944  
  165.908042   -12.723361  
  186.982375   -11.607     
  260.019417   58.803778   
  260.026      58.805361   
  260.028042   58.805917   
  260.033375   58.80775    
  260.055708   58.829389   
  259.962458   58.850972   
  230.027375   20.240194   
  155.470333   22.019694   
  155.481958   21.962667   
  165.521333   -1.299361   
  159.890958   39.910833   
  193.592833   26.305556   
  322.298667   -57.339556  
  154.395083   59.534833   
  119.484625   39.367556   
  128.909292   24.967083   
  323.232625   21.813417   
  324.154458   -62.410472  
  324.135542   -62.422     
  5.581167     0.264722    
  168.869125   18.082222   
  30.737667    -7.682667   
  144.83825    37.190694   
  42.298       -4.1995     
  200.940625   48.423972   
  194.302375   47.6195     
  187.254167   10.647361   
  321.545542   -44.207944  
  318.697458   6.146917    
  318.695333   6.144222    
  318.69525    6.143833    
  318.740333   6.10925     
  260.044292   26.596472   
  260.045583   26.59675    
  260.046625   26.59725    
  168.219667   13.464417   
  215.754208   19.616833   
  215.754167   19.616611   
  215.753458   19.616806   
  152.767542   53.686694   
  83.749583    -58.047889  
  83.703375    -58.056889  
  129.365833   14.945694   
  129.266167   6.197722    
  348.963      -2.392194   
  34.133458    -47.824139  
  133.6155     15.053333   
  57.554917    -50.294472  
  61.410625    -43.718306  
  270.9235     40.177361   
  20.740917    33.504083   
  43.983       19.48575    
  73.461667    -69.03325   
  217.621083   -0.159667   
  63.603375    14.293694   
  254.871958   47.020306   
  158.406167   58.215      
  254.904542   47.032      
  349.008958   -42.576694  
  198.637542   -25.2815    
  24.428667    -12.869917  
  183.56575    14.081278   
  204.401458   -1.498722   
  130.161792   38.666972   
  217.623083   -0.965694   
  119.844458   35.290806   
  145.544542   56.9765     
  198.248625   -19.491583  
  184.842625   5.853167    
  127.925833   52.782889   
  127.898917   52.77875    
  7.638542     4.846667    
  200.930167   -41.713944  
  197.889125   -5.871778   
  149.438875   65.584806   
  352.230542   14.889167   
  181.538458   -8.7935     
  149.431167   65.584056   
  215.277708   3.258833    
  319.101292   -48.345056  
  348.055542   18.743889   
  170.121875   14.32075    
  201.573833   31.931056   
  302.829208   -6.754944   
  322.613958   5.05525     
  133.713083   20.08175    
  178.826958   23.432917   
  178.825583   23.432472   
  178.410292   23.016028   
  136.382667   34.103806   
  224.352792   -1.161639   
  36.90825     -8.818306   
  242.047417   60.329222   
  4.674292     16.086389   
  140.550125   6.667222    
  146.802083   76.35875    
  309.6455     -1.413778   
  9.088417     85.230889   
  296.11575    77.084194   
  152.977625   29.723556   
  73.276       -13.080306  
  324.166958   -54.565472  
  28.708083    -8.997917   
  39.053167    11.6605     
  218.647125   -36.257611  
  340.868292   -9.612806   
  131.220917   43.007972   
  116.642917   31.04       
  150.670917   32.672417   
  170.567958   67.184167   
  17.498458    13.996083   
  155.514042   38.540028   
  192.486667   5.339556    
  155.990708   43.884222   
  51.893083    30.23625    
  211.722667   52.857278   
  149.804417   13.01575    
  13.349833    -8.752778   
  219.352292   36.595361   
  189.67775    9.488861    
  179.28625    52.790139   
  173.937542   56.978667   
  120.075625   26.639611   
  170.767042   47.024694   
  176.8225     52.423111   
  206.625792   64.362278   
  154.587833   37.350417   
  167.784333   2.451417    
  126.168083   30.016889   
  120.984292   23.782722   
  14.388       -26.289861  
  190.672667   14.274      
  110.375958   55.791028   
  110.302625   55.750083   
  220.676125   -0.637861   
  157.799667   38.150833   
  144.74725    41.444556   
  342.144917   -44.519611  
  28.161125    36.164694   
  193.281417   -9.231028   
  193.280875   -9.23125    
  246.662208   35.017778   
  246.662875   35.017722   
  236.349958   48.746139   
  236.352167   48.744556   
  356.258542   9.181361    
  240.576292   15.946583   
  55.301083    15.427083   
  352.460833   -56.121111  
  353.913625   -56.138528  
  350.205625   -55.75975   
  350.880667   -55.760889  
  351.552875   -55.7695    
  352.23025    -55.760889  
  352.907375   -55.761028  
  353.581167   -55.761833  
  354.25575    -55.760889  
  349.87475    -55.383639  
  350.54025    -55.38975   
  351.209458   -55.390639  
  351.873833   -55.396083  
  352.543625   -55.39475   
  353.212458   -55.394028  
  353.880333   -55.395722  
  354.549833   -55.395472  
  349.586333   -55.003639  
  350.245292   -55.010083  
  351.569042   -55.011694  
  352.230042   -55.013639  
  353.553792   -55.015472  
  354.216042   -55.015056  
  349.923458   -54.624361  
  350.577625   -54.631472  
  351.88625    -54.634639  
  352.544292   -54.633583  
  353.120875   -54.600083  
  353.856833   -54.632583  
  350.286833   -54.250667  
  350.936      -54.250417  
  352.235958   -54.254222  
  352.885167   -54.253806  
  351.548417   -55.775056  
  351.492167   -54.238944  
  25.005708    6.306111    
  334.196875   -17.912611  
  333.466083   -17.861278  
  334.163917   -17.469833  
  333.618375   -17.431306  
  333.827583   -18.076722  
  248.199792   34.062361   
  158.197083   50.403111   
  169.79475    15.509778   
  210.22325    -1.781222   
  125.188375   20.927083   
  210.212833   -1.724944   
  167.735083   66.810222   
  200.572208   -16.685167  
  158.672042   39.615806   
  91.592708    -69.84475   
  1.554167     20.217111   
  40.837083    37.362556   
  37.9275      -71.324444  
  225.25425    -10.847528  
  279.009708   59.409083   
  169.152542   29.227222   
  32.38075     35.812611   
  312.759083   -8.441667   
  23.607292    -42.982222  
  230.77825    8.580389    
  109.154208   -62.372056  
  151.013583   -6.502361   
  178.289458   -39.102889  
  334.068042   -36.859694  
  187.246583   14.006056   
  187.24575    14.006056   
  79.108958    -10.5835    
  131.145167   76.85925    
  54.725417    -35.028167  
  54.82475     -34.823222  
  55.080583    -34.976667  
  55.380167    -35.187611  
  55.439875    -35.404389  
  55.23675     -35.85775   
  54.376833    -35.752583  
  54.030042    -35.546139  
  54.263625    -35.290167  
  26.334083    -3.808111   
  17.900167    -38.092472  
  23.194167    -13.564111  
  172.950583   31.261694   
  343.347208   -14.280583  
  171.696583   2.978083    
  255.676917   47.106917   
  11.229917    -65.660222  
  270.61175    26.335083   
  197.668792   -35.084056  
  161.098792   -33.603472  
  176.430917   2.793111    
  281.336375   -63.977861  
  198.621292   -25.233444  
  194.288667   47.664917   
  301.039792   -55.708306  
  219.874125   0.233528    
  147.100375   58.396083   
  140.8165     1.056056    
  178.825708   23.432083   
  178.826625   23.433139   
  161.652375   13.722778   
  188.618      2.160056    
  193.147833   -15.445667  
  35.974125    34.23525    
  33.397667    34.291972   
  134.431792   39.729722   
  16.82825     32.430833   
  175.477417   2.295333    
  2.445833     12.751806   
  9.414792     13.352167   
  188.860958   21.313667   
  227.749708   5.733528    
  227.749667   5.733389    
  227.750167   5.733194    
  227.75575    5.734694    
  210.266208   2.851861    
  210.267583   2.852306    
  116.200042   39.461917   
  44.27125     -23.438917  
  101.91625    70.250778   
  116.236625   39.451944   
  121.582958   15.485667   
  333.48475    12.714472   
  81.00475     -12.137111  
  302.144667   -61.087139  
  62.102083    -21.070278  
  88.190917    -36.653472  
  163.558167   -5.785556   
  43.936       19.522389   
  192.276792   -11.381694  
  302.588458   -56.38975   
  5.638167     1.387583    
  21.703875    25.966278   
  40.293958    -8.271333   
  40.248667    -8.237167   
  139.303083   46.611833   
  339.148417   22.521583   
  140.928      30.495306   
  146.766208   47.330722   
  199.780542   31.176833   
  324.880292   -42.600861  
  148.383708   39.262861   
  166.505333   64.037528   
  341.371958   -46.882694  
  122.17425    39.841806   
  315.972917   -7.449278   
  218.577125   2.100972    
  33.475833    12.980861   
  140.505833   45.124944   
  120.645333   39.236639   
  351.367458   28.479667   
  36.644542    -3.814389   
  36.311167    -3.148111   
  36.477875    -5.482361   
  36.144792    -5.481944   
  35.858958    -5.513194   
  35.357292    -5.847472   
  35.023917    -5.847722   
  34.308542    -5.819444   
  35.144333    -6.149      
  34.811292    -6.148194   
  33.641583    -4.48475    
  34.141875    -4.152472   
  33.6915      -3.848167   
  34.857583    -3.515056   
  34.141833    -3.485611   
  161.417042   59.007056   
  161.416375   59.008      
  161.398042   59.008806   
  191.676125   54.505944   
  15.105208    -47.794528  
  87.100125    -47.785028  
  119.984708   23.44       
  205.307167   30.351556   
  205.308375   30.351111   
  127.532125   38.024694   
  351.1825     -56.150833  
  353.19875    -54.634944  
  352.548833   -56.150333  
  350.500333   -56.150917  
  225.285542   1.727722    
  225.284833   1.727917    
  131.938042   34.724778   
  73.375333    -42.252694  
  338.231208   -20.391722  
  37.088583    31.295722   
  187.881958   70.709444   
  179.928208   -20.018417  
  180.40625    30.023528   
  180.399292   30.08075    
  180.39075    30.07975    
  329.744167   -20.110028  
  29.227417    -17.020083  
  41.752167    -42.386111  
  141.225833   13.375833   
  171.690917   -34.397222  
  224.491375   -11.751639  
  224.49225    -11.750528  
  194.040458   -5.761694   
  168.857792   18.137917   
  334.908167   -20.342917  
  147.481625   -25.221194  
  137.676458   -9.704972   
  1.32925      -8.736139   
  248.558625   33.190389   
  142.121458   50.83825    
  228.841833   0.766917    
  187.75325    10.244778   
  248.114583   41.286389   
  158.842875   58.088222   
  160.313917   59.010167   
  160.655792   58.569917   
  162.366583   59.371139   
  162.238917   56.974778   
  161.731833   57.542694   
  160.465042   59.629889   
  259.330625   59.793417   
  7.911917     13.789306   
  223.771208   1.6735      
  248.283708   40.268806   
  138.085583   42.026917   
  160.96675    59.542333   
  202.461375   -0.864111   
  116.857167   43.794833   
  161.420042   48.793417   
  38.898583    0.196389    
  187.155667   60.599306   
  260.737833   59.845528   
  144.488333   54.435611   
  147.040792   55.318083   
  136.775708   5.401917    
  118.427708   25.001028   
  117.758083   42.245889   
  208.301333   63.734861   
  208.303208   63.734083   
  172.324125   -4.430444   
  245.5285     -1.489139   
  159.700125   53.478083   
  159.719083   53.477056   
  187.657917   41.616972   
  175.543917   26.733611   
  155.942792   0.672444    
  17.65825     -46.076778  
  65.711958    -25.105806  
  148.897667   18.122972   
  11.291833    -1.611389   
  263.487875   49.210056   
  2.839        14.752694   
  33.646625    -5.310417   
  227.57475    70.736833   
  231.050333   54.445806   
  22.098292    29.066861   
  128.75525    14.224528   
  23.838417    37.916861   
  247.023958   27.666139   
  231.05975    54.483806   
  162.09825    37.599361   
  16.200917    -26.9605    
  181.149917   58.299556   
  153.421333   6.230167    
  259.451458   19.645972   
  213.375708   79.356694   
  213.382917   79.375056   
  19.147125    -47.383     
  179.5775     26.381417   
  27.742958    -44.429222  
  14.383917    -46.811278  
  170.891      -8.685639   
  221.279167   -20.84275   
  30.300833    -6.832806   
  167.429333   -3.686167   
  168.452125   9.613833    
  171.822583   19.127139   
  174.12725    21.567833   
  181.170583   31.204083   
  181.615125   52.73725    
  182.321125   47.085417   
  185.856333   2.651972    
  203.941958   3.025306    
  219.109833   58.821194   
  228.797875   12.409      
  167.416708   -3.629361   
  81.683917    -63.732472  
  318.001583   -49.300917  
  255.38575    51.842889   
  255.377      51.846556   
  255.375792   51.847111   
  164.551625   1.576694    
  53.490125    -38.989389  
  194.972083   31.324139   
  46.59625     -9.713361   
  324.254      0.462056    
  194.974917   31.324694   
  194.967083   31.381083   
  217.971917   13.497833   
  202.318875   -31.711917  
  202.693042   -31.778278  
  202.381375   -31.477667  
  28.278375    -13.751694  
  145.585167   46.840944   
  175.998375   19.922694   
  175.827833   19.486778   
  176.309458   19.502083   
  11.035125    1.204861    
  138.015583   0.511778    
  166.682292   52.505361   
  183.435625   67.169806   
  119.633625   37.760556   
  32.38325     35.815889   
  50.336458    -37.187278  
  29.427083    -21.88975   
  28.1815      -3.430222   
  44.058333    -32.173222  
  44.06925     -32.162861  
  145.272625   34.704556   
  200.176917   4.160361    
  138.709208   4.467083    
  189.041375   19.295583   
  49.455208    -44.226806  
  49.460125    -44.220333  
  156.889792   53.651528   
  69.355708    -47.2425    
  57.941917    -36.837722  
  126.537542   26.402667   
  250.640542   39.621      
  314.945875   -42.74475   
  324.957667   -43.074972  
  327.608542   -5.749722   
  327.77525    -5.501917   
  213.067417   -34.300361  
  73.568792    -10.256417  
  3.263958     5.608583    
  353.131542   -53.982667  
  354.290917   -59.691528  
  89.90075     -52.847806  
  87.90275     -51.928583  
  176.861875   49.7445     
  347.482083   21.576389   
  38.17825     20.305972   
  38.178       20.306083   
  35.433625    -3.716806   
  196.939333   -19.423722  
  184.145458   7.433194    
  182.012833   -27.546917  
  180.980125   -4.037056   
  141.958458   30.012806   
  78.874208    -81.01825   
  326.082042   -39.579417  
  138.773917   44.077333   
  321.760083   -12.151167  
  124.067042   48.418528   
  188.833208   -13.947361  
  353.185125   -53.875722  
  352.540542   -53.875806  
  350.988417   -52.736778  
  350.0065     -53.117417  
  352.904708   -56.536444  
  30.456083    -2.208056   
  250.066875   46.684306   
  120.243875   36.033278   
  130.747833   36.338722   
  76.412708    -23.841056  
  59.221417    -40.669028  
  18.650125    -55.386528  
  131.712458   17.906778   
  191.709125   0.325333    
  20.116458    -0.097861   
  187.879083   -14.207389  
  347.856625   1.983722    
  155.909      4.213056    
  155.925167   4.159806    
  15.737958    -22.376389  
  164.035333   57.735583   
  164.0025     57.681111   
  164.0135     57.680222   
  172.324292   -4.430361   
  154.948042   45.076917   
  33.647625    19.192722   
  252.358333   53.048694   
  334.588542   -30.067417  
  7.156833     -28.296278  
  210.842458   -0.074361   
  337.66875    -39.234667  
  39.555625    -27.736028  
  42.41125     -8.599833   
  44.795833    0.17175     
  52.811292    -38.405972  
  24.958625    6.338306    
  210.417125   -11.579028  
  132.892042   63.102417   
  129.9535     51.173417   
  2.687542     29.170722   
  6.894792     26.103167   
  8.013542     18.148972   
  8.447        -7.838083   
  8.640667     2.404611    
  8.713125     2.585944    
  12.940542    27.328806   
  17.508625    32.198806   
  72.310458    -28.801389  
  77.601167    2.368917    
  80.331       -27.899444  
  82.427208    -31.728     
  92.923875    -30.600083  
  131.380875   3.423556    
  131.496792   29.737778   
  161.241083   -14.044194  
  173.317917   50.170972   
  175.426458   -19.12225   
  175.626208   58.556694   
  191.546208   -25.812222  
  194.507375   47.073111   
  196.4915     26.485833   
  202.904875   -17.640444  
  231.692208   16.763389   
  237.996958   -2.154694   
  246.457542   -8.539222   
  251.253083   1.637583    
  253.039417   55.5755     
  267.9655     44.679194   
  271.727458   29.494861   
  312.703125   1.37925     
  312.759833   2.282472    
  318.500042   13.487694   
  319.023917   -23.189917  
  323.68025    -27.122778  
  327.349917   9.840278    
  330.470042   -27.495972  
  340.444042   17.551222   
  341.377667   28.11775    
  353.580875   7.593528    
  200.711333   31.674056   
  340.494292   17.51925    
  353.582917   7.595944    
  72.370625    -28.823167  
  327.306208   9.877333    
  185.846708   2.707444    
  260.24557495 41.095943450
  99.677917    -54.001472  
  220.170458   53.476194   
  220.172792   53.477278   
  135.406417   -1.954111   
  133.705583   -1.386806   
  33.557375    -5.608528   
  233.234667   30.323778   
  337.411375   -27.913444  
  349.122333   4.104222    
  294.010458   -46.367694  
  57.466       5.843083    
  10.568333    -44.252667  
  17.095208    -16.088278  
  241.178875   1.324417    
  43.234417    -71.051     
  39.458708    -19.555194  
  324.433667   -20.692806  
  62.230375    -75.093     
  169.281417   44.198389   
  169.282417   44.198083   
  169.281667   44.199139   
  169.289875   44.199139   
  169.290667   44.200722   
  169.277292   44.253694   
  169.273458   44.252639   
  169.27275    44.253944   
  169.272083   44.253361   
  169.268708   44.253222   
  169.263583   44.251944   
  206.169417   55.879361   
  192.097958   8.459194    
  258.759125   59.476139   
  258.368458   59.193306   
  258.993292   59.100583   
  258.262125   58.763083   
  258.742875   60.252278   
  258.203292   59.921167   
  260.33575    59.853833   
  258.353292   59.2235     
  258.415      58.804722   
  152.99975    53.208639   
  316.320875   -52.545611  
  306.881958   -47.007278  
  65.732       -51.492917  
  58.061292    -54.911     
  202.386042   -31.6125    
  262.817458   6.050639    
  265.052417   12.615      
  265.043083   12.610917   
  168.835708   0.143528    
  168.972833   -0.106083   
  188.932167   -0.242528   
  215.62325    0.03125     
  36.919417    -3.31525    
  184.163625   -12.029556  
  18.2385      15.546833   
  117.027083   18.57175    
  170.422542   2.846583    
  186.809      9.355028    
  191.035292   13.067972   
  185.810542   11.319389   
  228.744708   42.075056   
  221.224208   1.982278    
  221.224375   1.982528    
  221.224583   1.982333    
  221.224792   1.982278    
  180.823833   -21.577556  
  183.0865     -18.332333  
  315.517917   -24.514472  
  0.774208     -6.07675    
  48.582208    -22.607667  
  253.0305     34.924806   
  252.6945     34.906167   
  252.2935     34.900611   
  251.878083   34.899167   
  36.712583    0.605306    
  37.118375    0.572778    
  37.495667    0.565667    
  37.819625    0.615306    
  351.61225    0.105639    
  351.974333   0.146167    
  352.33       0.162167    
  352.636917   0.162611    
  353.40225    0.115778    
  353.043417   0.113222    
  59.323708    -46.202806  
  11.570417    20.400028   
  11.579708    20.562944   
  43.997083    19.386694   
  44.044792    19.350167   
  247.479083   24.41725    
  253.489      39.738611   
  253.49       39.738194   
  253.457542   39.786556   
  253.455667   39.78625    
  216.168667   26.597222   
  216.182083   26.600417   
  333.63725    30.030722   
  162.344792   51.0785     
  162.342417   50.078889   
  162.344      51.078194   
  162.34075    51.078583   
  41.326125    -53.03925   
  34.351125    -52.767139  
  117.824      17.617444   
  117.833542   17.633361   
  303.179583   -56.374194  
  302.304792   -56.647333  
  302.574958   -56.413306  
  302.660042   -56.445139  
  302.625167   -56.423028  
  302.61425    -56.431083  
  93.526167    -33.471     
  0.797167     -1.82925    
  0.796875     -2.028611   
  13.716       -35.311722  
  151.916042   38.04       
  212.512875   41.727111   
  202.882792   11.106472   
  134.175542   5.86775     
  161.4585     4.313833    
  174.104875   7.198472    
  212.514917   41.727361   
  198.770667   51.793194   
  115.232125   55.459444   
  134.927833   56.888083   
  139.029083   46.152194   
  243.078333   52.678278   
  343.091875   -8.727083   
  55.080167    -28.659972  
  181.637917   -7.768778   
  158.016792   40.232083   
  228.815792   4.358667    
  24.958625    6.338806    
  25.006292    6.306639    
  16.181667    -66.242722  
  14.30475     -66.907556  
  8.434458     -66.671306  
  160.229375   -1.03825    
  17.037042    15.208667   
  329.333417   -7.78225    
  312.019042   -17.827417  
  224.599      -31.697056  
  224.579708   -31.641556  
  224.58025    -31.641583  
  183.442083   36.602917   
  183.442333   36.603361   
  183.432208   36.659917   
  109.8715     59.383306   
  254.327958   27.822722   
  97.625208    63.650278   
  23.6035      -29.432778  
  315.867667   -18.374861  
  315.909667   -18.353361  
  315.952083   -18.335222  
  0.442375     -34.784972  
  39.323125    -25.446833  
  334.262875   -36.963389  
  133.848417   -1.804167   
  132.4765     -1.761528   
  134.995333   -3.2255     
  37.429125    -5.88625    
  32.647792    -3.767611   
  175.549583   10.24925    
  357.197542   2.224194    
  348.97375    25.568222   
  38.231792    0.437139    
  178.407      43.488833   
  150.351458   15.79725    
  236.57675    2.388694    
  316.918958   3.896028    
  352.087833   22.433222   
  356.813083   15.580889   
  349.027042   25.537861   
  17.575667    -46.072361  
  180.180208   31.767556   
  185.579125   -0.157889   
  209.197875   10.407778   
  165.0575     8.742944    
  237.569792   24.570222   
  238.663583   34.064972   
  139.199458   28.562667   
  253.296125   23.852694   
  241.613667   27.636778   
  186.269042   5.357667    
  181.95       43.154306   
  74.4615      -69.109111  
  187.704167   1.284861    
  137.229333   14.635083   
  321.393292   19.93825    
  43.608083    -58.977472  
  59.780042    -72.096083  
  313.122333   -61.192389  
  355.189042   -61.042111  
  48.22375     8.374917    
  177.715333   -28.096333  
  87.292583    -62.088167  
  110.773167   -73.473556  
  69.513333    -54.330861  
  288.6185     -59.509361  
  180.285458   -39.915806  
  41.58625     -20.536083  
  85.718125    -36.001722  
  350.555417   28.522167   
  173.3065     -9.48875    
  19.8195      -34.197972  
  94.064167    -57.78325   
  134.049875   -7.720528   
  249.111125   3.155556    
  53.974292    -6.981639   
  10.157708    -11.735861  
  72.607667    -2.998472   
  158.630167   -17.3585    
  92.86725     -59.61475   
  92.771125    -27.588333  
  134.049542   -7.720944   
  194.495417   1.601028    
  145.40478515 -11.04213905
  118.84175    39.211917   
  232.81307983 7.4791946411
  278.342792   59.898417   
  223.58496093 16.380887985
  243.88087463 19.485250473
  244.31608581 34.926277160
  250.700958   65.543111   
  183.099708   -6.387583   
  227.930625   56.398694   
  183.088708   -6.3315     
  17.008083    -14.518083  
  3.496167     -27.17925   
  136.64112854 16.742305755
  249.57800292 28.864055633
  252.73892211 27.208250045
  29.606042    38.586611   
  86.228836059 -63.52730560
  133.183458   33.394722   
  146.52175    9.89325     
  146.52275    9.8935      
  146.523625   9.893083    
  146.523875   9.89375     
  146.524083   9.893083    
  146.524083   9.893472    
  24.841875    39.961111   
  188.869792   21.315306   
  178.600208   -35.118639  
  6.428333     -26.021639  
  247.657917   39.36025    
  40.867083    -48.555306  
  260.45663452 38.160999298
  109.369958   37.781583   
  109.369458   37.781583   
  109.369125   37.781028   
  173.086      -30.358833  
  173.075792   -30.359417  
  274.03433227 42.685585021
  122.25296020 20.758527755
  29.827041625 -29.43275070
  75.974       -29.601583  
  318.12145996 -30.69452857
  246.30987548 -0.318527787
  334.963083   0.643167    
  334.21525    0.64325     
  333.966125   -0.355083   
  334.713792   -0.354306   
  334.713458   -0.104444   
  218.6635     -36.313583  
  248.661708   40.337583   
  33.827708    -3.70775    
  119.73366546 16.253528594
  140.3455     29.660833   
  140.499375   29.981639   
  139.151167   29.267944   
  138.929208   29.892806   
  139.53642272 30.514083862
  287.8215     -57.024667  
  140.01820373 1.0113888978
  74.746871948 -0.508472204
  300.898667   -55.966083  
  248.33474731 47.289222717
  248.37600708 47.294666290
  248.35708618 47.344833374
  248.31929016 47.337055206
  32.363414764 34.462081909
  239.15533447 -22.00200080
  201.339333   -38.44225   
  201.339042   -38.442194  
  201.337917   -38.443     
  201.336208   -38.443028  
  147.244875   0.345361    
  24.314917    -45.671111  
  27.284416198 13.072083473
  234.619333   59.339444   
  179.575167   28.164528   
  56.635917663 -3.985916614
  325.088375   -23.67625   
  113.09937286 31.607000350
  234.90458679 34.450805664
  137.31288146 10.947999954
  267.54547119 35.103195190
  177.434458   -12.285833  
  227.8855     7.223806    
  251.53132629 42.431915283
  251.51258850 42.485973358
  228.97378540 56.330276489
  228.96850585 56.328639984
  217.74470520 32.890499114
  218.38157653 35.737251281
  36.037498474 -73.92644500
  237.08425    35.163694   
  237.097167   35.169167   
  67.197082519 -37.95685958
  45.972915649 -62.21811294
  224.35383605 -35.62488937
  313.19049072 -61.19947052
  137.228417   14.663639   
  255.595167   -0.985111   
  82.819833    -75.204028  
  41.590167    -20.562167  
  336.344375   -25.401417  
  216.38092041 -1.472416639
  40.112458    -59.783833  
  324.451583   -60.115083  
  307.671333   -56.61475   
  308.1175     -56.472833  
  49.265917    -59.594806  
  305.57575    -63.409083  
  321.096333   -61.392667  
  329.92126464 -62.73814010
  44.396583    -57.527361  
  61.006710052 -57.34144592
  326.41195678 -56.74085998
  304.41513061 -62.96424865
  83.083208    -11.523056  
  169.189458   40.471639   
  218.720708   3.6185      
  248.01125    24.6015     
  158.16725    65.067833   
  185.953083   58.271611   
  179.020083   56.850417   
  31.388833    -58.475778  
  310.00570678 -57.41860961
  324.15933227 -63.11841583
  37.581125    -60.462333  
  61.697042    -54.893306  
  38.192       -58.317944  
  56.135542    -54.865056  
  77.879917    -51.920778  
  314.255667   -55.007972  
  107.87787628 44.043056488
  203.27903747 14.646082878
  52.249958038 5.3619446754
  88.197583    -21.036222  
  308.727792   -35.83175   
  328.49625    -57.83725   
  333.65925    -10.388667  
  334.578125   -65.201667  
  2.809208     -28.839278  
  52.121625    -55.733778  
  168.350458   2.514639    
  288.132875   -75.264444  
  308.701875   -34.091917  
  323.544875   -13.46225   
  326.042875   -56.637167  
  326.455042   -10.086806  
  326.63725    -57.29875   
  329.668208   -60.408694  
  334.088083   -9.35625    
  334.547542   -3.818472   
  348.22583007 -21.61849975
  349.00424194 -20.44191741
  356.090917   -4.383611   
  7.623958     -53.401472  
  37.316333    -33.519083  
  50.545833    -41.343972  
  63.452583    -38.09275   
  84.542667    -20.606889  
  87.1875      -21.89225   
  97.785292    -56.168222  
  159.928458   -8.655833   
  248.487042   -7.671222   
  336.4865     -6.619833   
  340.765667   -64.476472  
  336.48825    -6.615972   
  37.168667    -4.166583   
  37.334042    -4.500333   
  37.502333    -4.167306   
  37.6685      -4.500278   
  37.836208    -4.166083   
  38.002458    -4.500972   
  38.170583    -4.167139   
  38.339125    -4.499861   
  38.505625    -4.165889   
  38.670625    -4.502778   
  37.173667    -4.82725    
  37.293542    -5.127361   
  37.505292    -4.831278   
  37.622958    -5.131778   
  37.83775     -4.833583   
  37.956708    -5.133306   
  38.170625    -4.834417   
  38.290917    -5.134111   
  38.505792    -4.833472   
  36.619583    -5.804111   
  36.954417    -5.804556   
  37.289583    -5.804194   
  38.628542    -5.804028   
  33.548083    -4.199583   
  33.212875    -4.200194   
  32.878917    -4.199167   
  32.5445      -4.199361   
  32.210292    -4.200194   
  31.875875    -4.199306   
  31.541667    -4.20075    
  31.20825     -4.199917   
  30.874458    -4.199972   
  30.539417    -4.200111   
  33.331333    -4.534667   
  32.997       -4.534639   
  32.662583    -4.534667   
  32.328458    -4.534778   
  31.659643    -4.534361   
  31.993125    -4.53475    
  31.324917    -4.534722   
  30.99125     -4.534472   
  30.656542    -4.534556   
  32.537042    -4.835583   
  32.202792    -4.835417   
  31.868042    -4.835917   
  33.541208    -4.857528   
  33.207125    -4.836361   
  33.268375    -5.16625    
  32.912208    -5.16675    
  32.576708    -5.166944   
  32.2415      -5.166389   
  31.907583    -5.166472   
  31.573125    -5.166944   
  31.237708    -5.166611   
  30.903708    -5.166861   
  30.568917    -5.166611   
  30.234458    -5.166306   
  33.614125    -5.801722   
  33.997708    -5.83425    
  33.830167    -6.164778   
  33.494875    -6.165694   
  33.159917    -6.165222   
  32.82475     -6.165333   
  32.48875     -6.165111   
  32.153375    -6.165778   
  31.818375    -6.165611   
  31.482208    -6.165417   
  31.147625    -6.165056   
  32.658       -6.4995     
  32.319       -6.499167   
  31.102708    -7.456167   
  31.442042    -7.454833   
  31.779417    -7.455194   
  31.60275     -6.464611   
  31.267542    -6.464389   
  30.932333    -6.464528   
  30.767167    -6.130417   
  30.596417    -6.463806   
  30.430958    -6.130194   
  32.104583    -6.79775    
  31.934458    -7.131361   
  31.769292    -6.797806   
  31.43375     -6.797222   
  31.263125    -7.131      
  31.097917    -6.79775    
  30.927458    -7.131222   
  30.75825     -6.799      
  30.587292    -7.134333   
  348.443792   -54.307472  
  348.152917   -54.05775   
  348.681042   -53.916333  
  348.152625   -53.74975   
  348.676292   -53.607194  
  349.197542   -53.462194  
  349.357125   -53.084222  
  348.76625    -53.274611  
  348.667125   -52.986389  
  348.202208   -53.37875   
  351.250333   -52.542333  
  350.720917   -52.398722  
  350.280333   -52.5415    
  350.319333   -52.814139  
  349.699292   -52.69075   
  349.163625   -52.810306  
  349.176875   -52.525889  
  349.689292   -52.37775   
  350.197792   -52.225472  
  350.705875   -52.070917  
  351.739542   -52.380556  
  352.245083   -52.331111  
  352.756708   -52.411806  
  353.315792   -52.421889  
  353.938708   -52.679611  
  354.389208   -52.494806  
  354.393167   -52.812556  
  355.067083   -52.964889  
  355.127125   -53.230167  
  355.621625   -53.103806  
  355.574375   -52.790361  
  356.128917   -52.927083  
  356.685792   -53.059306  
  356.132208   -53.253028  
  356.180542   -53.550667  
  356.738958   -53.371833  
  357.303167   -53.502833  
  356.789083   -53.693083  
  356.360458   -53.877611  
  356.82225    -54.032444  
  356.8985     -54.313583  
  356.384333   -54.815861  
  356.337542   -55.097694  
  355.981125   -55.284361  
  356.539792   -55.416833  
  357.126458   -55.546917  
  356.993792   -55.228333  
  357.010375   -54.933028  
  355.380625   -55.738083  
  355.865458   -55.554222  
  355.96675    -55.873222  
  356.501375   -55.700472  
  356.556875   -56.006028  
  357.091333   -55.830444  
  357.15025    -56.134972  
  354.402792   -56.070639  
  354.888583   -56.209389  
  354.932875   -56.512722  
  355.527333   -56.649389  
  355.478125   -56.345444  
  355.429125   -56.041778  
  356.019875   -56.176639  
  356.072042   -56.480611  
  356.613208   -56.309222  
  356.6695     -56.611667  
  344.434167   -1.645611   
  344.316      -1.439222   
  251.153      57.587472   
  251.152333   57.580444   
  251.153625   57.573      
  251.158417   57.566472   
  251.189708   57.553028   
  251.20075    57.552167   
  251.215792   57.552917   
  251.227042   57.554694   
  251.23575    57.557083   
  251.242875   57.562472   
  251.25225    57.565833   
  291.257667   -49.453028  
  290.271583   -45.833694  
  55.712375    -8.690972   
  73.663125    -20.271667  
  30.0605      -24.913     
  201.16025    -35.253639  
  71.673       -37.068806  
  34.904333    -19.264194  
  315.191375   -33.126833  
  120.196375   11.180944   
  278.315542   -65.562278  
  133.694917   20.136306   
  314.606125   5.209306    
  314.606083   5.209667    
  144.331625   15.818944   
  172.097292   58.586944   
  97.733292    -60.501528  
  136.918875   13.991056   
  226.28570556 3.4147777557
  165.60487365 22.628360748
  174.77366638 19.605361938
  174.24884033 19.950471878
  50.941123962 -37.50697326
  195.76416015 -41.73110961
  22.060499191 -52.64291763
  278.06112670 -62.94549942
  335.81228637 -28.96238899
  333.63232421 -17.04461097
  257.00845336 29.973806381
  277.37924194 46.168498992
  112.20774841 33.845359802
  187.88995361 1.6088610887
  142.12829589 18.834444046
  266.14584350 -76.35722351
  322.67642211 -64.95835876
  43.543457031 -60.86908340
  94.132499694 -39.78072357
  81.416168212 -47.24830627
  347.86453247 3.6600277423
  347.83786010 3.6050000190
  4.8818750381 3.6288888454
  184.94462585 -3.303416728
  16.375875473 -24.66855621
  332.91699218 -3.814222335
  17.659250259 -46.07555389
  60.936626434 -43.35380554
  168.97766113 1.4686111211
  351.87884521 -10.92386150
  127.43991851 33.933612823
  17.334457397 14.348083496
  163.13179016 10.634444236
  65.407752990 -15.98263931
  227.06741333 57.902000427
  73.672836303 -20.28563880
  290.27212524 -45.85044479
  213.68463134 54.769111633
  163.23445129 24.225528717
  30.052000045 -24.92024993
  215.18174743 39.908889770
  229.59729003 29.452110290
  71.664749145 -37.06611251
  239.14488220 44.659942626
  259.29437255 24.068082809
  53.949291229 -6.978610992
  177.41017150 22.395721435
  356.15252685 -42.72458267
  333.72399902 -14.00677776
  12.279083251 -24.68452835
  137.78291320 17.781528472
  213.68466186 54.769443511
  24.338125228 -8.466055870
  30.051042556 -24.91983413
  18.610250473 -33.92597198
  159.64654541 1.7952221632
  273.59637451 34.187362670
  269.04858398 58.206722259
  37.336082458 31.658000946
  36.671417236 20.515638351
  170.01150512 6.6616945266
  170.01199340 6.6618332862
  170.01213073 6.6620001792
  139.71150207 -12.38016700
  139.34866333 -11.86469459
  139.26370239 -12.30608367
  301.95468139 -44.55710983
  302.00842285 -44.59864044
  154.91792297 -9.833305358
  334.78466796 12.152583122
  37.109333038 -9.813555717
  120.33054351 -80.94738769
  244.82383728 41.063415527
  314.56112670 5.2447500228
  137.71542358 38.827136993
  322.34420776 -7.692916870
  94.589752197 -71.0       
  94.593666076 -70.99202728
  233.96037292 -28.80822181
  251.25341796 57.569442749
  251.25517272 57.573028564
  335.81307983 -28.96177864
  145.70767211 9.5201387405
  63.624584197 -58.80430603
  248.05754089 -86.69838714
